93022
85237
30541
43977
61694
73002
4374
31140
61100
70337
94893
67561
28249
50467
72999
5648
88451
1399
32598
35814
52513
62602
86674
13969
72879
97997
58653
85209
35754
33606
66433
86727
49992
6190
87683
2245
29051
10143
70648
60147
55873
24678
80143
21683
53670
68522
11790
49718
94276
34900
8432
48047
67395
55452
35830
23579
8577
20546
70842
63984
30588
28434
785
5779
27994
84527
25129
26462
52914
57200
10079
99412
63139
7005
30083
204
55466
34115
75704
43665
88832
59417
10110
41436
59598
23537
4746
30
3451
97239
28022
36040
93512
64867
1972
7649
78256
40346
87125
39463
46119
76136
70179
15287
25013
27017
74009
99794
90161
90458
1617
71296
3482
72357
34447
95005
72075
76166
59256
61859
88727
1020
78010
51109
37943
46685
56883
10633
17826
6004
92622
53111
70889
4299
95139
4707
81372
20903
19760
35204
8889
85785
71598
57713
98612
42544
46847
52801
65125
69680
27096
32487
45059
95485
97626
41835
46014
83706
79468
98132
91831
74816
27255
56369
45697
70447
80573
1047
64346
55549
27928
57525
57595
77725
17401
96678
84331
95794
84333
48422
79184
15473
78304
3585
99621
95004
31952
27823
21956
36720
891
42137
11908
62980
55878
79349
49002
95805
98283
36557
19005
3090
67704
97407
13843
34511
19028
64055
74899
10506
53096
63421
45769
27228
53567
22939
49591
55330
53772
29392
14299
57829
20134
68842
52314
57446
66993
42395
1168
40881
70697
67203
26381
66248
57166
13944
26168
41384
20190
8217
94039
53456
81893
49643
57073
69352
67510
16408
57750
90368
82257
19839
65822
9358
94123
15056
35645
1174
3599
3117
95549
55138
28988
2926
64082
76944
31986
83637
10489
11292
14602
45870
29421
34165
12592
55091
28668
23392
7171
38184
21664
63607
71392
56612
44490
37092
62845
26310
36843
69580
4078
65693
46275
33244
82681
87432
43190
32120
45490
75766
90979
93361
67718
12481
95691
35717
15510
23641
23420
48232
51754
65020
16950
2083
56310
67752
47802
78278
85535
90496
76594
85791
20285
9036
68563
65061
2051
31735
50233
99215
48930
20446
29991
31816
83860
43496
2062
34656
36103
92294
11482
29557
73175
81206
53944
153
43862
95227
23656
62091
9401
25945
44851
35712
36641
46042
81204
75412
25806
22589
77887
74164
50971
91052
36132
39524
47052
89268
97953
50252
63877
79721
24844
22615
86244
97532
5783
64152
79693
23047
20095
83542
92410
65394
84844
93017
74072
46063
40270
98230
37859
3383
5663
87738
5544
49916
47542
93771
28899
41857
35729
38079
32467
10324
23866
25508
58901
11677
30552
34049
65728
27416
28364
19021
8238
20195
60405
72766
24733
14886
75712
85720
44941
55535
89835
67600
11075
60053
80546
54823
6653
34323
31135
10303
62699
63456
12052
19615
66821
39893
6216
28567
90480
9701
57322
80331
93408
65403
20437
19534
91857
25374
43015
26466
70055
2713
35705
60607
50723
72722
16863
5697
77316
59481
73530
3131
24097
27107
13445
16534
93674
99723
98020
68637
61920
9496
12563
95550
36476
31566
39646
18187
28646
78096
69286
78699
34146
29601
87440
6629
69448
66665
36357
47488
1633
810
41682
75769
46654
93772
